196170
247540
028300
086520
348370
214150
141080
145020
000250
058470
068760
277810
257720
263750
403870
214450
039030
357780
035900
078600
240810
005290
178320
310210
089030
039200
041510
067630
086900
140860
195940
018290
328130
065350
137400
036930
232140
067160
112040
087010
095340
064760
950160
225570
036830
051980
281740
121600
214370
204270
287410
352480
140410
241710
085660
084370
031980
033100
047920
317330
119860
067310
048410
213420
042000
009520
115450
098460
222080
064550
319660
074600
365340
393890
007390
025320
036540
183300
122870
101360
166090
383310
222800
003380
025900
058970
336570
237880
358570
041190
189300
278280
036810
101490
272290
053800
058610
340570
418550
046890
015750
171090
131970
060370
131290
420770
399720
335890
348210
080220
220100
099190
323280
095660
078340
025980
338220
376300
030520
397030
161580
251970
199800
206640
079370
082920
253590
215000
228760
314930
082270
206650
068240
032190
091120
014620
114840
006730
290650
372170
049070
200670
101730
290690
099320
388720
094170
138580
334970
089980
023160
032820
059090
108860
179900
035890
101160
243070
102710
122640
043150
093320
319400
033500
084110
095610
095500
039440
119610
089010
297890
104830
045100
013030
031330
005160
094480
243840
323990
041830
051360
114190
025770
252990
360070
218410
060280
060250
110990
136480
094360
058820
099430
036620
394280
083450
053610
044490
265520
041020
050890
216080
151860
118990
200710
024850
217270
035600
033790
051370
100120
100790
121800
039840
950140
126700
900290
054950
048870
174900
060720
078140
268600
348340
298830
096040
357550
071280
108490
078150
255220
083650
086980
052020
027360
114810
389260
214430
077360
126600
208340
126340
102940
089970
123040
211050
144960
052400
064090
179290
024060
950170
090360
299030
084650
371950
056080
290550
064260
270660
204620
294090
377450
086890
389020
254490
053080
182360
190510
205470
080160
108230
214680
441270
305090
032620
034810
235980
417010
425040
043370
083930
052420
036200
017890
033640
102120
270520
048530
024810
148150
054450
078350
293780
203400
039980
067390
092730
199820
086390
047310
038290
389470
321820
322510
083310
067080
016790
036890
036030
425420
109610
049180
143240
194700
061970
214260
304100
112290
064290
122990
045390
067280
042370
093640
092190
032300
079940
354320
317690
264850
097800
014940
182400
082800
046440
136540
033160
029480
297090
123410
138610
079810
083790
330860
405100
025950
035810
143160
121440
042420
035080
006910
060590
053300
402030
382840
048550
064800
063570
225530
049950
317870
005860
234340
146320
211270
084990
047560
322310
092870
282880
101670
370090
064850
274090
089890
080420
203650
131400
093520
078940
419530
117730
051160
217330
073010
042600
106190
079960
054210
027710
067990
090710
294570
036560
064820
282720
217820
164060
065680
290670
365590
045970
091580
046210
063080
094820
042520
382900
013990
208370
065660
060570
072770
092070
396270
289220
149980
200470
104460
147830
220260
277880
273640
156100
175140
041440
362320
012860
123330
065650
109740
264660
086710
191420
219130
264450
417500
060560
259630
049960
038110
285490
090850
039610
205100
195990
053280
023900
018000
039340
084730
040300
356680
043610
183490
246710
356860
039560
105550
045660
228670
272110
348150
357230
119830
160980
065510
104480
000440
393210
234300
388050
066620
067000
033290
315640
125210
368770
099440
261200
013310
066590
063170
107600
005710
052330
019550
067900
033230
049520
333620
260930
042510
085670
124560
284620
418420
138080
040910
102370
066700
900250
088390
215360
206400
086820
389500
086960
382800
140670
060310
314130
376190
332570
140070
413630
261780
021080
080580
262260
092460
099750
267320
187870
053050
137950
027050
124500
003100
044340
058630
419080
226400
048910
035610
071200
041930
311690
089850
093920
067570
200350
066790
041590
026150
256940
241690
142210
120240
036630
011560
238090
347890
053700
073570
037950
388790
180400
302430
159010
382480
043260
123420
198440
024840
072020
119850
291230
002800
340930
300080
058400
255440
053580
064240
014470
340360
263600
263860
306620
041920
239890
391710
093190
330350
170920
059210
294140
007820
170030
311320
900340
042500
300120
333430
185490
059270
073560
302550
226330
289080
066980
232680
009780
083500
054780
361390
036640
223250
053260
322180
265560
011320
033310
038460
032850
348350
090470
041910
357580
163730
369370
017510
024880
099220
307180
033170
216050
091440
036710
104620
158430
204840
067370
218150
407400
250060
222810
054040
109860
159580
294630
087260
059120
336060
027830
126880
173130
141000
208140
222160
050110
383930
155650
024910
226340
153710
241770
339950
115160
241520
204610
347740
020710
104540
064480
036090
352910
196300
006140
365270
351330
088130
251630
052790
101330
347000
317850
053450
054920
171120
002230
043910
307930
168360
136410
039240
027580
036010
307870
038680
109960
101170
304840
048430
101000
175250
128660
105330
023440
049480
224110
203690
103840
078860
037330
214610
053980
396300
115440
032540
200230
065530
215100
041520
192250
234100
320000
017480
080530
239610
078890
065130
123840
037440
086040
311390
010470
376930
217190
023770
361570
033540
246720
377480
115500
047770
363250
042110
317770
212560
095270
263800
331380
050960
081150
015710
008830
417840
250000
359090
066310
096630
187660
330730
115310
368600
054930
051490
090410
246250
041460
032790
066670
417970
066130
189690
080000
234920
237820
053270
071670
254120
037370
220180
096350
046120
241790
321260
094840
039420
355150
073640
222040
052770
389140
053350
142760
277070
044960
097780
033560
109820
052220
052670
063440
347770
290090
087600
053290
083660
038010
068330
317830
263700
049080
094970
081580
171010
225220
290740
009730
019540
010240
170790
068050
069540
256150
057680
236810
217500
066910
038870
129890
214270
900100
060850
072470
101240
198080
100030
265740
097870
089790
092300
405000
073110
052710
122350
067920
376290
242040
950110
064520
123570
036170
327260
037230
039290
277410
303530
024950
217480
122690
219420
173940
052900
318000
314140
057030
204020
363260
014190
036180
016100
054540
301300
419120
347860
042040
100590
024830
040610
049630
263020
094940
007530
227950
053590
129920
001840
053160
412350
263920
088910
037030
096610
071850
099390
039010
104200
196450
318410
134580
032680
307280
021880
373200
405920
288980
263770
303030
038060
133750
046970
419540
189330
258610
050860
057540
003310
376180
239340
082660
106080
389030
377330
126640
148930
299170
060230
046940
043340
177830
376980
238490
347700
036690
032960
279600
263810
098120
238120
309930
377030
417860
195500
066900
348030
031310
090150
273060
111870
075970
367000
096690
131100
189860
024940
019770
024120
017000
114630
222980
313760
138070
048770
137080
246690
080520
052600
153490
229000
045340
051390
192390
088290
372800
900310
139670
153460
228340
210120
079170
262840
440320
038950
038620
075130
060540
025880
066360
032980
109080
169330
290660
043090
276040
010280
007770
065500
198940
276730
286750
051380
046310
332290
032750
065060
417180
115610
036000
117670
115530
131090
351320
303360
340440
290270
032580
031510
190650
317120
036480
028080
128540
331520
356890
065170
052460
099410
203450
312610
032800
002290
038530
043710
197140
098660
076080
147760
065440
340810
045520
222420
187270
187220
196490
267790
089150
067010
289010
221840
054300
290520
065370
019570
291650
131760
101390
353190
072950
040160
297570
208710
317240
187790
069410
333050
179530
001000
089140
093380
085810
119500
091340
184230
328380
380540
137940
148780
059100
357880
060380
089230
193250
219550
076610
296640
052860
368970
006920
237750
068940
009620
154030
352770
159910
045510
033050
018620
058450
026040
044480
045300
092600
208350
322780
039310
113810
123010
050760
030350
050120
121850
291810
073190
042940
023790
103230
258790
035460
014100
154040
062970
054090
110020
232830
079190
054410
139050
067730
244460
352940
900070
317530
032080
016670
215790
130740
063760
258830
054220
065570
310870
002680
308100
344860
060480
071460
217620
008290
048830
017250
043590
066430
224060
230980
067770
049470
020400
275630
121890
101680
065770
123750
424760
436610
019660
191410
900280
134060
039740
035290
043360
031860
053060
069330
065150
106240
079950
069140
065420
412930
050090
084440
070590
442310
060260
054630
079970
044180
425290
415580
046070
03481K
435870
442130
323230
